0000000100000000
0000000100000000
0000001100000010
0000001100000010
0000010100000100
0000010100000100
0000011100000110
0000011100000110
0000100100001000
0000100100001000
0000101100001010
0000101100001010
0000110100001100
0000110100001100
0000111100001110
0000111100001110
0001000100010000
0001000100010000
0001001100010010
0001001100010010
0001010100010100
0001010100010100
0001011100010110
0001011100010110
0001100100011000
0001100100011000
0001101100011010
0001101100011010
0001110100011100
0001110100011100
0001111100011110
0001111100011110
0010000100100000
0010000100100000
0010001100100010
0010001100100010
0010010100100100
0010010100100100
0010011100100110
0010011100100110
